$ANSIBLE_VAULT;1.1;AES256
64306162366134343937656230303863616430666131663539363562616162623535356465363364
6539666533336563613264373765343830316536653963320a613061633062376339653633356135
36643330353838383934643134346130393533386634633031373133316364383363323332333839
3466323231306232380a656638376532656631333337313831663462623461666466363637643433
63653031653339656262643533393838373462356663373133633964643165623739303939306331
66373037383930353236623833376134633235306436363866373135326531306566313035666530
31323466656432643264346138383533633237653639343461623862663265363334323532666564
35316161623163376435366434373838643439376635633133643739303338353761613832333936
37363564633163663536376364336666316561313064383038346439646330356538386263323761
31653035656338393534643539643265626361363065323463623135386265333433646263666266
33383437303939346539643338363637333765343464303838363332326533306164333733396463
63663264383236623131363231353863636465313263383939326638383561343964376265626231
37376538393230643239336162353433666639623033393065613331303032323731663530363535
65373166366634396565336331383865643736653334643437633531643838393334373834646465
38306430313031626434393562353166633931313037323963383838323038613263643330323639
65303332656338643136333535356561323338303034323737343136316663643139616139623235
63326463653036346264326162326664666232643339363731623338366333636466343662623437
3836353663336238343965343636386662626536663633626366
